"id" "FDis"
31 0.432161062334028
33 0.432114182230409
35 0.432114182230409
40 0.401864989150794
41 0.401864989150794
201 0.305947775070097
272 0.325889603914762
1258 0.305572057195852
1261 0.305572057195852
1271 0.302576412131899
1405 0.310365698837162
1409 0.310742692891628
1831 0.321583045471226
1839 0.32124473343102
1842 0.323583697603758
2281 0.311940534707401
2360 0.337740262132466
2846 0.386630449798262
2847 0.3890525832766
2849 0.396486318030667
2850 0.33722988249661
2851 0.469409528808311
2852 0.377895474635056
2853 0.276821582319588
2854 0
2855 0.37751398608021
2857 0.258312423466776
2858 0.482301887434514
2859 0.393348949076447
2862 0.439676735681413
2863 0.459226128585477
2864 0.395995764422418
2865 0.213608541119259
2868 0.383509191637155
2869 0.464427038566522
2871 0.225239564407931
2872 0.450811359088156
2873 0.23908108924398
2874 0.393430550691956
2876 0.265651264665909
2877 0.289109768924925
2881 0.44272984727929
2882 0.390530123240814
2883 0.354389259686423
2884 0.377959122249954
2885 0.335964684612695
2886 0.292202916762375
2887 0.283369518232777
2890 0.205050808646308
2891 0.411967590423791
2893 0.300672296406015
2896 0.374077803710661
2898 0.3735263455553
2899 0.211541647270083
2902 0.374246822599363
2904 0.257297006786054
2905 0.386720632739987
2907 0.354533724898049
2908 0.372809134042323
2909 0.278714385344876
2910 0.245812004537322
2911 0.429145209343648
2912 0.450372788014374
2914 0.290102337908336
2916 0
2918 0.406746321330459
2919 0.267645530279998
2920 0.284665704533318
2922 0.364274503747677
2924 0.431760878879243
2931 0.350812817711346
2933 0.283673394036994
2934 0.348158478186251
2936 0.294300121398596
2937 0.411297076919141
2939 0.333359023025005
2940 0.326142680191441
2941 0.213020011759709
2942 0
2947 0.326776289131962
2950 0.414068129543541
2951 0.315080055360915
2952 0.435075754531781
2954 0
2955 0.2593467696816
2956 0.422909951451926
2957 0.314875190602042
2959 0.250853119697637
2961 0.434669106029664
2963 0.306306483752692
2964 0
2965 0.39932664819037
2967 0.261287521683121
2968 0.439886395727616
2969 0
2970 0
2971 0.290102337908336
2972 0.425555300123112
2974 0.39603446229634
2975 0.321597642410795
2977 0
2981 0.230888476667331
2982 0.37848264742726
2989 0.363333261388643
2991 0.453926598389911
2992 0.420431955145759
2994 0.458375273338291
2998 0.260840963523022
2999 0.213115480840538
3001 0
3003 0.431760878879243
3004 0.369616667018067
3007 0
3008 0.451171529271338
3009 0.383392755718582
3010 0.451532697131886
3012 0.425984648364445
3014 0.244760687588025
3015 0.303321577394005
3020 0
3022 0.253702224571705
3024 0.373804931818683
3027 0.406746321330459
3029 0.206092061619282
3030 0.239384360598443
3032 0.358687710736913
3034 0.153278195496497
3040 0.341060012276509
3043 0.357365967261102
3047 0.217534210240351
3048 0.383822701179134
3049 0.337185566409684
3052 0
3054 0.454620764155135
3058 0
3062 0
3064 0.265135400132611
3065 0.230426684368314
3068 0.252744239150439
3070 0.344687517594006
3072 0.287579395612508
3073 0.39603446229634
3074 0
3077 0.32673124497589
3079 0.259890679605982
3080 0.280747614288151
3081 0.43817727887828
3082 0
3084 0.413325549043769
3089 0.264697133340145
3090 0
3091 0.413325549043769
3095 0.280209668477314
3100 0.444740252221997
3101 0.231734238062782
3102 0.246805423158364
3106 0.293150878193154
3117 0.310093364533616
3120 0.251969450757605
3123 0.410030376059739
3127 0.327817674271799
3128 0.206561393232818
3130 0.206092061619282
3131 0.254174142718906
3132 0.396988081448653
3133 0.321597642410795
3134 0
3135 0.305786490775658
3136 0.461527252258891
3137 0.297240909245138
3138 0.303049662223812
3140 0.397613115478869
3142 0.208329968894524
3143 0
3144 0.407681940764155
3148 0.409840808914003
3150 0.282662684220018
3152 0.413171462840664
3154 0.272966193426101
3156 0.206561393232818
3161 0.425481800045154
3165 0.231734238062782
3166 0
3167 0.306017803913322
3168 0.335339286958484
3169 0
3170 0
3173 0.429280098885507
3174 0.456957869181655
3175 0.419978028145233
3180 0
3182 0
3187 0
3188 0.206092061619282
3195 0.442081805520766
3196 0.420659642823229
3199 0.285136851204009
3201 0
3202 0.24347193268368
3204 0.278171588034279
3207 0.291000062887969
3208 0.268777540779597
3211 0.308100186467078
3214 0
3216 0.206877410606463
3217 0.308897527417359
3218 0
3219 0
3220 0
3221 0.388510103922332
3224 0
3225 0
3229 0.290628052058945
3230 0.434669106029664
3231 0
3232 0.342624354582794
3236 0.273020114950872
3237 0.467715397300885
3238 0.217844822073578
3240 0
3243 0.328532748776069
3246 0.253298501096432
3248 0.271954680142477
3251 0.211541647270083
3252 0.211541647270083
3253 0.28305972288268
3254 0
3256 0.374059571292999
3258 0
3259 0.272966193426101
3262 0
3263 0
3267 0
3269 0.206877410606463
3270 0.215596404748156
3271 0
3275 0.238009492113246
3277 0.252744239150439
3278 0.420659642823229
3279 0
3281 0.396772792746827
3287 0.327932591565185
3288 0.287579395612508
3289 0.282926987291369
3290 0.414068129543541
3292 0.253320823987486
3295 0
3298 0.293531145081777
3301 0
3302 0.46320333752839
3303 0.470120917833223
3310 0.434669106029664
3314 0.300132344405205
3318 0.406563277112501
3320 0.279955435610859
3326 0
3327 0
3334 0
3335 0.316695742308433
3337 0.282662684220018
3338 0.289007487588124
3339 0.215308252508252
3341 0.395059524270829
3344 0.4023760497247
3348 0.400450920329484
3349 0.289007487588124
3354 0
3355 0
3359 0
3360 0
3363 0.206092061619282
3365 0.298772308686687
3366 0.434669106029664
3367 0.288842564638178
3368 0.360670710083586
3371 0.397990209214432
3372 0
3373 0.206092061619282
3377 0
3380 0.257937841753571
3385 0.445681643618395
3386 0.36618824196961
3395 0.293049789240042
3398 0.293531145081777
3400 0
3401 0
3406 0.439541029960909
3408 0.215308252508252
3409 0
3412 0.407662463511367
3413 0.152969498643879
3419 0.296309999863099
3420 0.398689876766939
3421 0.295708017625052
3423 0.271348212959964
3424 0.366039969259549
3427 0
3429 0.241336056643307
3431 0.293531145081777
3434 0
3438 0.425679769352268
3440 0
3441 0.293049789240042
3442 0.279955435610859
3450 0.342265436731201
3453 0.289007487588124
3456 0.366027599100482
3459 0.208329968894524
3460 0.206877410606463
3461 0.282662684220018
3462 0
3465 0.286946564333423
3466 0
3469 0.258810630466868
3474 0
3481 0
3486 0.208329968894524
3487 0.461133720875683
3488 0.380993665430184
3489 0.414955895216369
3493 0.271348212959964
3496 0.396177458581963
3498 0
3499 0.289289737956888
3501 0
3503 0.254238142885621
3504 0.271348212959964
3509 0.309507867235829
3510 0.298772308686687
3515 0.259815388507527
3518 0
3519 0.258810630466868
3520 0.296309999863099
3523 0.207476063897504
3530 0
3534 0.270903997514197
3535 0.261287521683121
3537 0.389064543800267
3538 0.204532864773576
3541 0.262548967804278
3544 0
3545 0.258806633191725
3546 0.204904778576804
3547 0
3548 0.273216973384925
3554 0
3555 0.434669106029664
3557 0.397513435429313
3558 0.407262531231949
3559 0.279955435610859
3564 0.358687710736913
3565 0.230888476667331
3567 0.407662463511367
3569 0
3570 0.238009492113246
3572 0.413325549043769
3573 0.298805564761689
3574 0.147619215756686
3575 0
3576 0.257937841753571
3577 0.277363758339268
3579 0
3580 0.272966193426101
3581 0.278171588034279
3582 0
3586 0.280209668477314
3589 0.213149179590902
3590 0.290823894802135
3591 0.404575003005925
3592 0
3595 0.300132344405205
3597 0
3598 0.431090781295238
3601 0
3602 0
3606 0.254238142885621
3610 0.229264046862583
3611 0.289289737956888
3618 0.298772308686687
3619 0
3621 0
3622 0
3623 0
3631 0.279283532382623
3632 0
3642 0
3643 0.278419722759304
3645 0
3646 0.278676455209289
3654 0.434669106029664
3659 0.271348212959964
3661 0.213149179590902
3663 0
3666 0.301131843005734
3669 0
3675 0
3676 0
3678 0
3679 0.279283532382623
3680 0
3683 0.245995142238561
3684 0
3687 0
3691 0.280659681871334
3692 0.461540710331709
3693 0.358429550900156
3694 0.441782562257894
3702 0
3706 0.258810630466868
3708 0
3710 0.380837028585644
3711 0
3713 0.271348212959964
3716 0.271348212959964
3719 0
3720 0.231734238062782
3728 0.20425815808038
3729 0
3731 0.250299239001869
3733 0.252798459082495
3741 0.280209668477314
3744 0.260079084566989
3745 0.271348212959964
3746 0.291353268043269
3748 0.269497006638679
3753 0.418656832362728
3754 0.260306135459178
3761 0.258810630466868
3764 0.321426299470903
3765 0
3767 0.245995142238561
3769 0
3771 0.271688502717769
3781 0.371905191568954
3782 0.298772308686687
3783 0.23908108924398
3785 0.208395691297621
3787 0.277948436809975
3788 0.364550545601152
3789 0
3790 0.271348212959964
3791 0.258806633191725
3796 0.283673394036994
3797 0.25459711823972
3798 0.316833806400418
3812 0.315504797840964
3820 0.240762455961125
3821 0.26835486966802
3822 0.262445192460016
3824 0.288094610450472
3826 0.38123262698108
3896 0.192578026795291
3897 0
3899 0
3902 0
3916 0
3917 0
3951 0
3987 0
3989 0
3990 0
3995 0
4011 0
4012 0
4022 0
4023 0
4036 0
4070 0
4079 0
4083 0.267413756901117
4095 0
4200 0.253199198118037
4491 0
4576 0
4579 0
4581 0
4586 0
4587 0
4596 0
4597 0
4598 0
4607 0
4609 0
4610 0
4612 0
4617 0
4625 0
4628 0
4629 0
4638 0
4639 0
4643 0
4644 0
4648 0
4649 0
4650 0
4651 0
4674 0
4677 0
4680 0
4683 0
4684 0
4701 0
4713 0
4715 0
4719 0
4720 0
4725 0
4726 0
4727 0
4728 0
4757 0
4771 0
4777 0
4785 0
4787 0
4806 0
4810 0.272966193426101
4811 0
4812 0
4818 0.206877410606463
4819 0.206877410606463
4825 0.279955435610859
4830 0.238009492113246
4831 0.280209668477314
4832 0.206877410606463
4833 0.206877410606463
4834 0.250008398581083
4835 0.250008398581083
4836 0.250008398581083
4837 0.272966193426101
4839 0.280209668477314
4842 0.206877410606463
4843 0.206877410606463
4844 0.206877410606463
4845 0.279955435610859
4847 0.272966193426101
4848 0.272966193426101
4876 0
4877 0.300132344405205
4878 0.280008338390217
4879 0.298772308686687
4880 0.300132344405205
4888 0.393452574824814
4891 0.253812288656586
4899 0.297240909245138
4900 0.297240909245138
4901 0.271348212959964
4902 0
4903 0.271348212959964
4904 0.298772308686687
4905 0
4906 0
4914 0.271348212959964
4930 0.369616667018067
4934 0.251167788392383
4936 0.290888217502481
4937 0.290888217502481
4945 0.278171588034279
4950 0
4951 0
4952 0.393445436901037
4959 0.251167788392383
4961 0.250299239001869
4962 0.281876055830756
4973 0.284111183194842
4974 0.281876055830756
4976 0.271348212959964
4978 0.271348212959964
4979 0.250299239001869
4980 0.271348212959964
4981 0.250299239001869
4984 0.250299239001869
4993 0
4995 0
5005 0.250299239001869
5006 0
5010 0.271348212959964
5012 0.403604861846902
5014 0.416265896853224
5016 0
5017 0.20425815808038
5041 0
5057 0.418340457062072
5058 0
5069 0.261838462519726
5110 0.432161062334028
5118 0
5119 0.399796444898386
5135 0.292871718169613
5136 0.252474643220893
5137 0.395488624648689
5151 0
5179 0.381577623974964
5180 0.414096833303934
5181 0
5183 0
5184 0
5188 0
5193 0.320690462550807
5195 0
5216 0
5217 0.20417822083526
5384 0
5393 0
5476 0.272996430524961
5526 0
5529 0
5530 0
5531 0
5571 0
5573 0
5632 0.252798459082495
5989 0
6069 0.446575435662745
6092 0.35437988875552
6096 0.427241801000737
6098 0.363019715854995
6145 0.211541647270083
6159 0.352184737999609
6160 0.361424643577281
6162 0.326117533607277
6165 0.337913354499125
6171 0.32432667535039
6173 0.32432667535039
6258 0.329434582521891
6327 0.211541647270083
6423 0
6451 0
6455 0
6457 0.272411035038365
6460 0
6466 0
6479 0
6508 0.250853119697637
6594 0.245995142238561
6603 0.245995142238561
6605 0.245995142238561
6609 0.245995142238561
6630 0
6654 0
6659 0
6660 0.249996179976864
6676 0
6684 0.249996179976864
6693 0
6696 0.249996179976864
6718 0.245995142238561
6741 0
6743 0
6778 0
6782 0
6786 0.204991656094461
6790 0
6800 0
6810 0
6823 0
6848 0
6858 0
6863 0.263266696067893
6865 0.24347193268368
6869 0
6887 0.248574681752485
6903 0.215886161180092
6919 0
6938 0.205008481330161
6956 0.396432425343061
6969 0.205008481330161
7021 0
7022 0
7047 0.256536445587968
7094 0
7113 0.372184065464302
7142 0.254238142885621
7147 0
7148 0
7157 0.205008481330161
7185 0
7190 0.380648762039427
7206 0
7214 0
7265 0.241336056643307
7287 0
7295 0
7304 0.426446788753506
7309 0.241336056643307
7310 0
7316 0
7324 0.205598144409983
7325 0.205598144409983
7354 0
7387 0
7411 0.279246825008102
7413 0
7425 0
7426 0.250299088096909
7443 0.33101470815843
7472 0.20612545385707
7493 0
7502 0.302278144780856
7536 0
7540 0
7559 0.216164237671361
7571 0
7572 0
7573 0
7589 0.335912423647217
7591 0.335912423647217
7593 0.335912423647217
7594 0.335912423647217
7597 0.32957817986951
7598 0.32957817986951
7600 0.258810630466868
7602 0.325427806777682
7604 0.258810630466868
7605 0.258810630466868
7606 0.258810630466868
7607 0.258810630466868
7608 0.258810630466868
7609 0.258810630466868
7610 0.323756107901665
7612 0.258810630466868
7613 0.296206462159533
7614 0.258810630466868
7616 0.258810630466868
7617 0.258810630466868
7619 0.258810630466868
7620 0.258810630466868
7622 0.258810630466868
7624 0.258810630466868
7625 0.258810630466868
7626 0.278419722759304
7628 0.278419722759304
7636 0
7637 0
7642 0.231116960757853
7646 0.232561391854181
7647 0.247407694014098
7660 0
7668 0
7669 0
7677 0
7678 0
7679 0
7680 0.413325549043769
7695 0
7699 0
7741 0.445681643618395
7758 0
7786 0.434669106029664
7792 0
7814 0.434669106029664
7823 0
7846 0.434669106029664
7924 0.298905510713418
8185 0
8298 0.213608541119259
8302 0
8601 0.208368570496028
8604 0
8671 0.206092061619282
8691 0.206092061619282
8700 0.206092061619282
8704 0.206092061619282
8727 0
8734 0
9053 0.285024305432913
9057 0.291353268043269
9062 0.31992454865399
9075 0.279283532382623
9080 0.279283532382623
9087 0.279283532382623
9095 0.279283532382623
9110 0
9319 0
9370 0
9371 0
9403 0.208329968894524
9405 0.208329968894524
9406 0.257937841753571
9412 0.274695274367234
9424 0.257937841753571
9426 0.257937841753571
9428 0.257937841753571
9430 0.274695274367234
9433 0
9440 0
9441 0.286946564333423
9447 0.283182455769154
9462 0.286946564333423
9464 0
9469 0
9490 0.206438241354993
9492 0.262548967804278
9493 0.262548967804278
9496 0.262548967804278
9497 0
9500 0
9510 0
9519 0.206438241354993
9523 0.206438241354993
9531 0
9542 0.286959649930408
9548 0
9552 0.269497006638679
9556 0.289007487588124
9601 0.293049789240042
9643 0.337376247827195
9646 0.295597605209208
9648 0.311626854715929
9652 0.343191985585917
9658 0.351451665325307
9661 0.344253230385265
9686 0.323595620409212
9695 0
9700 0
9704 0.321426299470903
9707 0
9713 0.323595620409212
9724 0.266671957546329
9725 0.266671957546329
9744 0.266671957546329
9754 0.32585038954846
9755 0.340636024419846
9772 0.266671957546329
9773 0.266671957546329
9786 0.32226554250339
9789 0
9790 0.321426299470903
9792 0.32226554250339
9793 0
9797 0.292603748442966
9798 0.292603748442966
9810 0.321426299470903
9813 0
9830 0.227460046160098
9845 0.266671957546329
9853 0.25671311330241
9859 0
9863 0.291432337477554
9869 0.277992177300665
9880 0.289028656624765
9883 0.266671957546329
9884 0.266671957546329
9899 0.277992177300665
9905 0.300488871532397
9916 0.266671957546329
9919 0.296500318968351
9934 0.296500318968351
9938 0.296500318968351
9940 0.266671957546329
9942 0
9948 0.315272202855474
9950 0.266671957546329
9963 0.296500318968351
9965 0.309878670544664
9966 0.296500318968351
9975 0.212431781337654
9977 0.296500318968351
9979 0
9980 0
10001 0.2439336276315
10008 0.147827941189984
10022 0.252423367973974
10024 0.252423367973974
10030 0.241017774965299
10041 0.257452076052265
10065 0.264402885846983
10077 0.242039243986953
10099 0.248841448263546
10110 0
10139 0.21672965392573
10179 0
10210 0
10215 0
10224 0
10245 0.276925153664768
10253 0.276925153664768
10318 0.206923591751014
10327 0.206923591751014
10348 0.216367773038415
10351 0.242039243986953
10367 0.27141183105853
10407 0.29242753558117
10460 0.290117532702031
10485 0
10493 0.278676455209289
10495 0.278676455209289
10497 0.278676455209289
10500 0.278676455209289
10502 0.278676455209289
10512 0.230888476667331
10514 0.278676455209289
10516 0
10518 0.278676455209289
10519 0.278676455209289
10527 0.296449017721091
10535 0.296309999863099
10550 0.278676455209289
10566 0
10567 0.283673394036994
10569 0.283673394036994
10573 0.164778325597486
10575 0
10590 0.230888476667331
10596 0
10634 0.231734238062782
10639 0.164778325597486
10648 0.231734238062782
10651 0.231734238062782
10660 0.164778325597486
10678 0.231734238062782
10682 0.230888476667331
10685 0.231734238062782
10686 0.231734238062782
10692 0.231734238062782
10709 0.231734238062782
10720 0.231734238062782
10721 0.230888476667331
10722 0.231734238062782
10723 0.164778325597486
10739 0.231734238062782
10745 0.231734238062782
10761 0.231734238062782
10769 0.231734238062782
10770 0.231734238062782
10780 0.231734238062782
10783 0.231734238062782
10802 0.231734238062782
10810 0.231734238062782
10811 0.231734238062782
10822 0.230888476667331
10830 0.231734238062782
11047 0
11174 0
11175 0
11197 0.279955435610859
11199 0.279955435610859
11231 0.206877410606463
11234 0
11309 0
11640 0.263870827688025
11845 0
11889 0.362649951690869
11897 0.356294986161158
11944 0.332288249430871
11952 0.422186133257592
12091 0.151931901482294
12099 0.151931901482294
12105 0.314904292279914
12110 0.151931901482294
12135 0.403479940043731
12162 0
12165 0
12193 0
12201 0.397613115478869
12202 0.384935631704807
12205 0.397613115478869
12218 0
12236 0
12240 0
12271 0.226888188116155
12275 0.37581928587162
12279 0.371905191568954
12287 0.381395568427112
12296 0
12307 0.364550545601152
12312 0
12323 0
12379 0.371905191568954
12385 0.371905191568954
12394 0.371905191568954
12400 0.343271455432417
12412 0.371905191568954
12415 0.343271455432417
12418 0.343271455432417
12466 0.405342895392412
12483 0.381395568427112
12486 0.401382887606705
12492 0.417146757540025
12500 0.386220721104708
12538 0.348793342341933
12539 0.348793342341933
12547 0.245995142238561
12613 0
12682 0.459994733999971
12692 0.241817913255919
12733 0
12770 0
12818 0.23227822771451
12849 0.445889903843974
13016 0.273177683643316
13031 0.300128686559841
13032 0.215886161180092
13039 0.215886161180092
13089 0.354311323687711
13095 0.301562285407317
13097 0.257014027647283
13099 0.257014027647283
13102 0.301562285407317
13138 0.314329554715831
13154 0.260079084566989
13175 0
13191 0
13235 0
13336 0.280406349489384
13337 0.28512319198966
13364 0
13366 0
13379 0.318476046480327
13383 0
13408 0
13411 0
13433 0
13439 0
13569 0.339664712182919
13570 0
13572 0
13639 0.410378040386833
13644 0.386511427921645
13645 0.403852121733852
13646 0.443434740682057
13647 0.335912423647217
13648 0.335912423647217
13654 0.335912423647217
13656 0.335912423647217
13659 0.335912423647217
13661 0.332601674158912
13680 0.32957817986951
13722 0.446845432123357
13725 0.305947775070097
13739 0.304266238361946
13751 0.304266238361946
13753 0.305572057195852
13755 0.305572057195852
13758 0.305572057195852
13779 0.295211484007103
13781 0.294183666835642
13782 0.281517493472911
13792 0
13817 0
13828 0.381980287976715
13830 0.42649379822646
13831 0.438362629070624
13840 0.37461732618431
13843 0.39958834375079
13850 0
13851 0.26843278482796
13890 0.289178796269386
13987 0
14151 0.313644402376474
14159 0.313644402376474
14216 0.326004178378377
14217 0.330457855140555
14240 0.272760617775158
14285 0.306437225515742
14301 0.315925206085294
14327 0.308325686490678
14390 0.31262880026814
14403 0.31262880026814
14412 0.312037886130532
14420 0.309315843400605
14436 0
14441 0.310742692891628
14504 0
14541 0
14543 0.314979233206948
14562 0.320943791994185
14566 0.320943791994185
14581 0.284518757391316
14584 0.247306637198138
14590 0.290256972116619
14595 0.290256972116619
14596 0
14809 0
17561 0.214198471163504
17566 0.214198471163504
17569 0.214198471163504
17573 0.214198471163504
17575 0.214198471163504
17576 0.321583045471226
17679 0.250136976748734
17682 0.321426299470903
17831 0
18149 0
18154 0
18158 0
18174 0.274695274367234
18237 0.380982257282647
18238 0.344239009821599
18246 0.399256013426527
18254 0.252959664806696
18255 0.251369264796645
18262 0
18263 0.252959664806696
18264 0.366004794407637
18276 0
18287 0.347672146587888
18290 0.332616961504586
18314 0.406073708501772
18338 0
18353 0
18380 0.208395691297621
18405 0
18411 0
18417 0
18424 0.260838570496787
18430 0
18441 0.320826379887003
18448 0
18468 0.285788709857965
18476 0.279742098353413
18477 0
18488 0
18501 0
18510 0
18540 0.25006989874684
18543 0.284366025111717
18569 0.333776343404016
18576 0
18591 0.208395691297621
18596 0.250162590336875
18601 0
18606 0.208395691297621
18611 0
18617 0.322102863380817
18620 0.237308308093626
18644 0
18649 0
18655 0.342133419815855
18678 0
18681 0.289289737956888
18687 0.316369987725015
18697 0.208395691297621
18704 0.282870591767487
18715 0.308246684475934
18720 0.315530136692953
18727 0
18729 0.456808445878135
18733 0.419014643015999
18740 0.46320333752839
18768 0.392861954279207
18769 0.206561393232818
18770 0.342671182258705
18772 0.206561393232818
18775 0.206561393232818
18777 0
18793 0.253432194002474
18794 0.335404387906934
18807 0
18830 0.254703825780508
18832 0.330801161375404
18834 0.254703825780508
18879 0.402639435051529
18923 0.321426299470903
18942 0.317071819908662
18959 0.266671957546329
18965 0.321426299470903
18971 0.321426299470903
18987 0.276339862773289
18991 0.29757904969423
18993 0
19014 0.219287156488985
19032 0.216367773038415
19070 0.278676455209289
19071 0.278676455209289
19072 0.278676455209289
19073 0.278676455209289
19089 0.287579395612508
19108 0.231734238062782
19179 0.260735759943156
19195 0
19202 0.164778325597486
19206 0.260735759943156
19213 0
19215 0.231734238062782
19221 0.206092061619282
19222 0.206092061619282
19261 0.231734238062782
19270 0.231734238062782
19291 0.164778325597486
19304 0.231734238062782
19305 0.164778325597486
19315 0.164778325597486
19338 0.231734238062782
19346 0.206092061619282
19355 0.231734238062782
19365 0
19387 0.231734238062782
19397 0.231734238062782
19449 0.164778325597486
19464 0
19480 0.206092061619282
19482 0.206092061619282
19489 0.164778325597486
19523 0.231734238062782
19561 0.231734238062782
19568 0.164778325597486
19574 0.164778325597486
19623 0.231734238062782
19634 0
19641 0
19653 0
19751 0
19754 0.231734238062782
19757 0
19764 0
19772 0.231734238062782
19781 0.231734238062782
19810 0
19825 0
19868 0.231734238062782
20040 0.231734238062782
20075 0.231734238062782
20079 0.231734238062782
20083 0.231734238062782
21445 0.41084367978207
21470 0
21636 0.310742692891628
21637 0.310742692891628
21755 0.311940534707401
21819 0
22312 0.211541647270083
22411 0.207476063897504
22416 0
22462 0
